# NOAA SWPC predicted-solar-cycle.json, F10.7 columns, fetched 2026-09-17
# month predicted high low high75 low75
2026-03 137.4 145.4 131.2 147.8 126.2
2026-04 135.8 143.8 129.3 146.3 124.0
2026-05 135.2 142.8 128.2 145.7 122.4
2026-06 134.2 141.5 126.6 144.6 120.7
2026-07 131.6 138.6 123.3 142.0 117.3
2026-08 129.5 136.6 120.7 140.3 114.6
2026-09 129.6 137.0 120.4 141.0 114.1
2026-10 129.7 137.2 119.6 141.6 113.5
2026-11 129.4 137.0 118.2 141.9 112.5
2026-12 128.4 136.4 116.4 141.3 110.8
2027-01 126.7 135.5 114.2 139.9 108.5
2027-02 124.4 133.9 111.6 138.3 105.7
2027-03 121.9 132.1 108.9 136.9 103.0
2027-04 119.0 130.0 105.9 135.1 100.2
2027-05 116.2 127.8 103.5 133.2 97.5
2027-06 113.4 125.3 100.9 131.0 94.7
2027-07 110.9 123.1 98.5 128.7 92.4
2027-08 108.4 120.9 96.2 126.3 90.2
2027-09 106.1 118.6 94.2 123.9 88.1
2027-10 104.1 116.5 92.5 122.0 86.5
2027-11 102.0 114.3 90.9 120.0 85.1
2027-12 100.2 112.3 89.6 118.2 84.0
2028-01 98.3 110.3 88.4 116.1 83.0
2028-02 96.6 108.3 87.3 113.9 82.3
2028-03 95.0 106.4 86.3 111.9 81.7
2028-04 93.4 104.5 85.4 110.1 81.0
2028-05 91.9 102.8 84.4 108.2 80.1
2028-06 90.4 101.0 83.0 106.4 79.1
2028-07 89.1 99.3 81.7 104.7 78.2
2028-08 87.8 97.7 80.6 103.1 77.1
2028-09 86.5 96.1 79.4 101.9 76.1
2028-10 85.3 94.5 78.2 101.1 75.0
2028-11 84.2 93.0 77.0 100.4 74.0
2028-12 83.1 91.6 75.9 99.7 73.1
2029-01 82.1 90.2 74.9 99.0 72.1
2029-02 81.2 89.0 73.8 98.2 71.2
2029-03 80.3 88.0 72.9 97.5 70.4
2029-04 79.5 86.9 71.9 96.6 69.6
2029-05 78.7 85.9 70.9 95.7 69.1
2029-06 77.9 85.1 70.1 94.9 68.8
2029-07 77.2 84.4 69.5 94.0 68.3
2029-08 76.6 83.9 69.0 93.0 68.0
2029-09 75.9 83.3 68.6 91.7 67.8
2029-10 75.4 82.8 68.4 90.4 67.8
2029-11 74.8 82.3 68.4 89.0 67.8
2029-12 74.3 81.7 68.4 87.6 67.8
2030-01 73.8 81.1 68.2 86.3 67.8
2030-02 73.4 80.4 67.9 84.8 67.8
2030-03 73.0 79.6 67.8 83.5 67.8
2030-04 72.6 78.8 67.8 82.5 67.8
2030-05 72.3 78.1 67.8 81.5 67.8
2030-06 71.9 77.2 67.8 80.5 67.8
2030-07 71.6 76.4 67.8 79.6 67.8
2030-08 71.3 75.6 67.8 78.7 67.8
2030-09 71.0 74.7 67.8 77.8 67.8
2030-10 70.8 74.0 67.8 77.1 67.8
2030-11 70.6 73.3 67.8 76.5 67.8
2030-12 70.3 72.8 67.8 75.9 67.8
